"mean.Disabled.Aged.Population." "mean.Total.Beds." "Grand.Total" "Administrators" "Nursing.Staff" "Social.Workers" "Serviceman" "Others"
"mean.Disabled.Aged.Population." 1 0.784697977409727 -0.0666666666666667 -0.219047619047619 0.104761904761905 -0.2 0.00952380952380952 -0.306223600940381
"mean.Total.Beds." 0.784697977409727 1 0.114833850352643 -0.0382779501175476 0.287084625881607 -0.0191389750587738 0.191389750587738 -0.0865384615384616
"Grand.Total" -0.0666666666666667 0.114833850352643 1 0.80952380952381 0.714285714285714 0.752380952380952 0.885714285714286 0.65072515199831
"Administrators" -0.219047619047619 -0.0382779501175476 0.80952380952381 1 0.561904761904762 0.676190476190476 0.695238095238095 0.555030276704441
"Nursing.Staff" 0.104761904761905 0.287084625881607 0.714285714285714 0.561904761904762 1 0.542857142857143 0.752380952380952 0.440196426351798
"Social.Workers" -0.2 -0.0191389750587738 0.752380952380952 0.676190476190476 0.542857142857143 1 0.638095238095238 0.708142077174631
"Serviceman" 0.00952380952380952 0.191389750587738 0.885714285714286 0.695238095238095 0.752380952380952 0.638095238095238 1 0.535891301645667
"Others" -0.306223600940381 -0.0865384615384616 0.65072515199831 0.555030276704441 0.440196426351798 0.708142077174631 0.535891301645667 1
